-1.620750 -1.520750 -0.785375 -0.068221 0.062548 -0.097902 0.057919 -0.138950 0.052225 -0.300004 0.050002 -0.550334 -0.199997 -0.800192 -0.448904
-1.620750 -1.520750 -0.685375 -0.068107 0.062547 -0.097446 0.058259 -0.137927 0.052678 -0.300004 0.050002 -0.550332 -0.199997 -0.800219 -0.448936
-1.620750 -1.520750 -0.585375 -0.067769 0.062544 -0.096094 0.059267 -0.134900 0.054021 -0.300004 0.050002 -0.550326 -0.199997 -0.800291 -0.449027
-1.620750 -1.520750 -0.485375 -0.067221 0.062540 -0.093902 0.060903 -0.129985 0.056201 -0.300003 0.050001 -0.550312 -0.199998 -0.800384 -0.449168
-1.620750 -1.520750 -0.385375 -0.066484 0.062534 -0.090955 0.063103 -0.123374 0.059133 -0.300003 0.050001 -0.550287 -0.199998 -0.800465 -0.449343
-1.620750 -1.520750 -0.285375 -0.065588 0.062529 -0.087371 0.065779 -0.115328 0.062839 -0.300002 0.050001 -0.550244 -0.199998 -0.800493 -0.449534
-1.620750 -1.520750 -0.185375 -0.064569 0.062524 -0.083293 0.068826 -0.106163 0.070977 -0.300002 0.050001 -0.550180 -0.199998 -0.800432 -0.449720
-1.620750 -1.520750 -0.085375 -0.063467 0.062520 -0.078883 0.072122 -0.096245 0.079778 -0.300001 0.050000 -0.550093 -0.199999 -0.800254 -0.449886
-1.620750 -1.520750 0.014625 -0.062494 0.062684 -0.074486 0.075704 -0.086143 0.089059 -0.300001 0.050000 -0.550019 -0.199999 -0.800053 -0.449980
-1.620750 -1.520750 0.114625 -0.062498 0.063818 -0.071093 0.080243 -0.077086 0.099271 -0.300001 0.050000 -0.550122 -0.199999 -0.800323 -0.449836
-1.620750 -1.520750 0.214625 -0.062502 0.064901 -0.067857 0.084574 -0.068444 0.109008 -0.300002 0.050001 -0.550202 -0.199998 -0.800467 -0.449659
-1.620750 -1.520750 0.314625 -0.062507 0.065888 -0.064907 0.088524 -0.061552 0.117881 -0.300002 0.050001 -0.550259 -0.199998 -0.800501 -0.449463
-1.620750 -1.520750 0.414625 -0.062513 0.066741 -0.062360 0.091935 -0.058157 0.125539 -0.300003 0.050001 -0.550296 -0.199997 -0.800456 -0.449268
-1.620750 -1.520750 0.514625 -0.062518 0.067425 -0.060317 0.094672 -0.055435 0.131677 -0.300003 0.050001 -0.550317 -0.199997 -0.800371 -0.449094
-1.620750 -1.520750 0.614625 -0.062522 0.067914 -0.058859 0.096626 -0.053493 0.136056 -0.300004 0.050002 -0.550328 -0.199997 -0.800282 -0.448961
-1.620750 -1.520750 0.714625 -0.062525 0.068187 -0.058043 0.097719 -0.052406 0.138506 -0.300004 0.050002 -0.550333 -0.199997 -0.800223 -0.448882
-1.520750 -1.420750 -0.785375 -0.050005 0.087475 -0.047934 0.107881 -0.064070 0.116812 -0.300631 0.050005 -0.551220 -0.198053 -0.801336 -0.447310
-1.520750 -1.420750 -0.685375 -0.050005 0.087474 -0.047476 0.108220 -0.063043 0.117722 -0.300619 0.050005 -0.551207 -0.198041 -0.801353 -0.447273
-1.520750 -1.420750 -0.585375 -0.050005 0.087471 -0.046122 0.109223 -0.060001 0.120414 -0.300583 0.050005 -0.551167 -0.198008 -0.801392 -0.447163
-1.520750 -1.420750 -0.485375 -0.050005 0.087467 -0.043926 0.110852 -0.055065 0.124779 -0.300526 0.050004 -0.551095 -0.197953 -0.801423 -0.446975
-1.520750 -1.420750 -0.385375 -0.050005 0.087461 -0.041503 0.113040 -0.048432 0.130644 -0.300449 0.050003 -0.550983 -0.197878 -0.801405 -0.446707
-1.520750 -1.420750 -0.285375 -0.050005 0.087456 -0.040606 0.115700 -0.040364 0.137770 -0.300355 0.050003 -0.550822 -0.197787 -0.801289 -0.446356
-1.520750 -1.420750 -0.185375 -0.050005 0.087451 -0.039585 0.118727 -0.033314 0.145870 -0.300248 0.050002 -0.550606 -0.197683 -0.801032 -0.445925
-1.520750 -1.420750 -0.085375 -0.050005 0.087446 -0.038483 0.121999 -0.028905 0.154617 -0.300132 0.050001 -0.550334 -0.197570 -0.800601 -0.445419
-1.520750 -1.420750 0.014625 -0.050006 0.087611 -0.037342 0.125553 -0.024345 0.163826 -0.300030 0.050001 -0.550028 -0.197451 -0.800009 -0.444852
-1.520750 -1.420750 0.114625 -0.050009 0.088745 -0.036216 0.130054 -0.019824 0.173935 -0.300031 0.050001 -0.549797 -0.197332 -0.799382 -0.444244
-1.520750 -1.420750 0.214625 -0.050014 0.089827 -0.035144 0.134345 -0.015518 0.183558 -0.300032 0.050001 -0.549557 -0.197217 -0.798671 -0.443623
-1.520750 -1.420750 0.314625 -0.050019 0.090814 -0.034169 0.138255 -0.011597 0.192313 -0.300033 0.050001 -0.549322 -0.197112 -0.797924 -0.443022
-1.520750 -1.420750 0.414625 -0.050024 0.091667 -0.033329 0.141628 -0.008216 0.199857 -0.300034 0.050001 -0.549107 -0.197021 -0.797204 -0.442477
-1.520750 -1.420750 0.514625 -0.050030 0.092352 -0.032656 0.144333 -0.005507 0.205898 -0.300035 0.050001 -0.548926 -0.196947 -0.796577 -0.442021
-1.520750 -1.420750 0.614625 -0.050034 0.092840 -0.032177 0.146263 -0.003575 0.210203 -0.300036 0.050001 -0.548793 -0.196895 -0.796102 -0.441686
-1.520750 -1.420750 0.714625 -0.050036 0.093114 -0.031909 0.147342 -0.002495 0.212610 -0.300036 0.050001 -0.548716 -0.196865 -0.795826 -0.441495
-1.420750 -1.320750 -0.785375 -0.050005 0.112027 -0.018329 0.157291 0.001954 0.191207 -0.298754 0.050009 -0.548550 -0.193630 -0.799020 -0.439599
-1.420750 -1.320750 -0.685375 -0.050005 0.112026 -0.018216 0.157625 0.002409 0.192105 -0.298731 0.050009 -0.548493 -0.193607 -0.798935 -0.439517
-1.420750 -1.320750 -0.585375 -0.050005 0.112023 -0.017879 0.158612 0.003757 0.194762 -0.298660 0.050008 -0.548320 -0.193540 -0.798674 -0.439272
-1.420750 -1.320750 -0.485375 -0.050005 0.112018 -0.017334 0.160214 0.005943 0.199070 -0.298546 0.050007 -0.548031 -0.193430 -0.798220 -0.438866
-1.420750 -1.320750 -0.385375 -0.050005 0.112013 -0.016601 0.162364 0.008878 0.204851 -0.298392 0.050006 -0.547626 -0.193282 -0.797547 -0.438304
-1.420750 -1.320750 -0.285375 -0.050005 0.112008 -0.015711 0.164978 0.012442 0.211867 -0.298205 0.050004 -0.547110 -0.193101 -0.796634 -0.437595
-1.420750 -1.320750 -0.185375 -0.050005 0.112002 -0.014699 0.167950 0.016492 0.219833 -0.297993 0.050003 -0.546490 -0.192894 -0.795469 -0.436755
-1.420750 -1.320750 -0.085375 -0.050005 0.111998 -0.013607 0.171159 0.020864 0.228422 -0.297763 0.050002 -0.545781 -0.192668 -0.794058 -0.435807
-1.420750 -1.320750 0.014625 -0.050006 0.112161 -0.012478 0.174644 0.025380 0.237453 -0.297561 0.050001 -0.545039 -0.192432 -0.792468 -0.434782
-1.420750 -1.320750 0.114625 -0.050009 0.113284 -0.011364 0.179064 0.029852 0.247359 -0.297561 0.050001 -0.544476 -0.192195 -0.790951 -0.433716
-1.420750 -1.320750 0.214625 -0.050014 0.114355 -0.010303 0.183272 0.034106 0.256771 -0.297563 0.050001 -0.543919 -0.191967 -0.789390 -0.432658
-1.420750 -1.320750 0.314625 -0.050019 0.115332 -0.009340 0.187102 0.037976 0.265320 -0.297564 0.050001 -0.543395 -0.191758 -0.787869 -0.431658
-1.420750 -1.320750 0.414625 -0.050024 0.116176 -0.008510 0.190404 0.041309 0.272676 -0.297566 0.050001 -0.542929 -0.191577 -0.786481 -0.430767
-1.420750 -1.320750 0.514625 -0.050029 0.116853 -0.007846 0.193049 0.043978 0.278558 -0.297568 0.050001 -0.542547 -0.191431 -0.785318 -0.430035
-1.420750 -1.320750 0.614625 -0.050033 0.117337 -0.007373 0.194936 0.045880 0.282746 -0.297569 0.050002 -0.542270 -0.191326 -0.784461 -0.429502
-1.420750 -1.320750 0.714625 -0.050036 0.117608 -0.007108 0.195991 0.046943 0.285086 -0.297570 0.050002 -0.542114 -0.191268 -0.783971 -0.429200
-1.320750 -1.220750 -0.785375 -0.050005 0.135957 0.006274 0.205626 0.051334 0.264184 -0.294389 0.050013 -0.540899 -0.186773 -0.789222 -0.426998
-1.320750 -1.220750 -0.685375 -0.050005 0.135956 0.006386 0.205950 0.051783 0.265062 -0.294354 0.050012 -0.540796 -0.186740 -0.789037 -0.426871
-1.320750 -1.220750 -0.585375 -0.050005 0.135953 0.006716 0.206912 0.053112 0.267659 -0.294249 0.050011 -0.540491 -0.186640 -0.788478 -0.426494
-1.320750 -1.220750 -0.485375 -0.050005 0.135948 0.007252 0.208470 0.055265 0.271865 -0.294079 0.050010 -0.539987 -0.186477 -0.787539 -0.425874
-1.320750 -1.220750 -0.385375 -0.050005 0.135943 0.007971 0.210562 0.058154 0.277504 -0.293851 0.050008 -0.539295 -0.186257 -0.786217 -0.425023
-1.320750 -1.220750 -0.285375 -0.050005 0.135938 0.008844 0.213103 0.061660 0.284342 -0.293574 0.050006 -0.538428 -0.185987 -0.784516 -0.423964
-1.320750 -1.220750 -0.185375 -0.050005 0.135933 0.009836 0.215990 0.065639 0.292093 -0.293258 0.050004 -0.537410 -0.185679 -0.782454 -0.422725
-1.320750 -1.220750 -0.085375 -0.050005 0.135929 0.010907 0.219105 0.069929 0.300439 -0.292917 0.050003 -0.536271 -0.185343 -0.780076 -0.421345
-1.320750 -1.220750 0.014625 -0.050005 0.136088 0.012013 0.222487 0.074356 0.309201 -0.292615 0.050002 -0.535101 -0.184992 -0.777503 -0.419871
-1.320750 -1.220750 0.114625 -0.050009 0.137188 0.013104 0.226780 0.078733 0.318805 -0.292617 0.050002 -0.534210 -0.184640 -0.775110 -0.418359
-1.320750 -1.220750 0.214625 -0.050013 0.138237 0.014141 0.230863 0.082893 0.327913 -0.292618 0.050002 -0.533341 -0.184302 -0.772714 -0.416875
-1.320750 -1.220750 0.314625 -0.050018 0.139194 0.015084 0.234575 0.086672 0.336171 -0.292620 0.050002 -0.532532 -0.183991 -0.770434 -0.415487
-1.320750 -1.220750 0.414625 -0.050024 0.140021 0.015895 0.237773 0.089924 0.343264 -0.292623 0.050002 -0.531821 -0.183722 -0.768392 -0.414262
-1.320750 -1.220750 0.514625 -0.050029 0.140684 0.016544 0.240332 0.092525 0.348929 -0.292625 0.050002 -0.531242 -0.183506 -0.766704 -0.413260
-1.320750 -1.220750 0.614625 -0.050033 0.141158 0.017006 0.242156 0.094378 0.352959 -0.292626 0.050002 -0.530824 -0.183350 -0.765473 -0.412535
-1.320750 -1.220750 0.714625 -0.050035 0.141423 0.017265 0.243176 0.095413 0.355209 -0.292627 0.050002 -0.530589 -0.183263 -0.764774 -0.412126
-1.220750 -1.120750 -0.785375 -0.050005 0.159025 0.030321 0.252398 0.099712 0.335012 -0.287577 0.050016 -0.528338 -0.177552 -0.772036 -0.409632
-1.220750 -1.120750 -0.685375 -0.050005 0.159024 0.030429 0.252711 0.100150 0.335861 -0.287530 0.050015 -0.528192 -0.177508 -0.771751 -0.409462
-1.220750 -1.120750 -0.585375 -0.050005 0.159022 0.030750 0.253637 0.101446 0.338370 -0.287393 0.050014 -0.527757 -0.177376 -0.770899 -0.408957
-1.220750 -1.120750 -0.485375 -0.050005 0.159017 0.031270 0.255136 0.103544 0.342433 -0.287169 0.050012 -0.527044 -0.177161 -0.769486 -0.408129
-1.220750 -1.120750 -0.385375 -0.050005 0.159012 0.031968 0.257149 0.106358 0.347875 -0.286869 0.050010 -0.526070 -0.176872 -0.767527 -0.406999
-1.220750 -1.120750 -0.285375 -0.050005 0.159007 0.032815 0.259592 0.109769 0.354465 -0.286504 0.050008 -0.524862 -0.176517 -0.765052 -0.405601
-1.220750 -1.120750 -0.185375 -0.050005 0.159002 0.033778 0.262365 0.113637 0.361925 -0.286089 0.050005 -0.523455 -0.176111 -0.762114 -0.403975
-1.220750 -1.120750 -0.085375 -0.050005 0.158998 0.034816 0.265356 0.117802 0.369945 -0.285640 0.050003 -0.521896 -0.175669 -0.758791 -0.402177
-1.220750 -1.120750 0.014625 -0.050005 0.159153 0.035887 0.268601 0.122094 0.378352 -0.285244 0.050002 -0.520310 -0.175208 -0.755261 -0.400271
-1.220750 -1.120750 0.114625 -0.050009 0.160217 0.036943 0.272725 0.126332 0.387558 -0.285245 0.050002 -0.519101 -0.174744 -0.752015 -0.398329
-1.220750 -1.120750 0.214625 -0.050013 0.161234 0.037947 0.276642 0.130355 0.396271 -0.285247 0.050002 -0.517928 -0.174299 -0.748808 -0.396436
-1.220750 -1.120750 0.314625 -0.050018 0.162161 0.038859 0.280199 0.134005 0.404155 -0.285250 0.050002 -0.516842 -0.173891 -0.745790 -0.394674
-1.220750 -1.120750 0.414625 -0.050023 0.162961 0.039643 0.283260 0.137143 0.410917 -0.285252 0.050002 -0.515892 -0.173538 -0.743112 -0.393127
-1.220750 -1.120750 0.514625 -0.050028 0.163604 0.040270 0.285708 0.139651 0.416309 -0.285255 0.050002 -0.515121 -0.173253 -0.740917 -0.391868
-1.220750 -1.120750 0.614625 -0.050032 0.164063 0.040717 0.287452 0.141436 0.420140 -0.285257 0.050002 -0.514567 -0.173049 -0.739323 -0.390959
-1.220750 -1.120750 0.714625 -0.050034 0.164320 0.040966 0.288426 0.142433 0.422277 -0.285258 0.050002 -0.514255 -0.172934 -0.738422 -0.390447
-1.120750 -1.020750 -0.785375 -0.050005 0.181001 0.053572 0.297140 0.146609 0.402979 -0.278384 0.050019 -0.510993 -0.166058 -0.747631 -0.387676
-1.120750 -1.020750 -0.685375 -0.050005 0.181000 0.053676 0.297438 0.147031 0.403790 -0.278327 0.050019 -0.510805 -0.166004 -0.747250 -0.387465
-1.120750 -1.020750 -0.585375 -0.050005 0.180998 0.053984 0.298318 0.148280 0.406188 -0.278158 0.050017 -0.510245 -0.165841 -0.746113 -0.386837
-1.120750 -1.020750 -0.485375 -0.050005 0.180993 0.054483 0.299745 0.150302 0.410066 -0.277884 0.050015 -0.509329 -0.165578 -0.744238 -0.385809
-1.120750 -1.020750 -0.385375 -0.050005 0.180988 0.055152 0.301658 0.153011 0.415256 -0.277515 0.050012 -0.508082 -0.165221 -0.741661 -0.384412
-1.120750 -1.020750 -0.285375 -0.050005 0.180983 0.055965 0.303979 0.156293 0.421534 -0.277066 0.050009 -0.506544 -0.164785 -0.738437 -0.382688
-1.120750 -1.020750 -0.185375 -0.050005 0.180979 0.056886 0.306612 0.160009 0.428629 -0.276556 0.050006 -0.504763 -0.164286 -0.734651 -0.380694
-1.120750 -1.020750 -0.085375 -0.050005 0.180975 0.057881 0.309448 0.164006 0.436243 -0.276005 0.050004 -0.502800 -0.163743 -0.730415 -0.378497
-1.120750 -1.020750 0.014625 -0.050005 0.181123 0.058906 0.312524 0.168119 0.444212 -0.275518 0.050003 -0.500813 -0.163176 -0.725962 -0.376179
-1.120750 -1.020750 0.114625 -0.050008 0.182142 0.059917 0.316437 0.172175 0.452928 -0.275520 0.050003 -0.499297 -0.162606 -0.721893 -0.373827
-1.120750 -1.020750 0.214625 -0.050012 0.183114 0.060877 0.320150 0.176020 0.461160 -0.275522 0.050003 -0.497831 -0.162060 -0.717906 -0.371545
-1.120750 -1.020750 0.314625 -0.050017 0.184001 0.061748 0.323517 0.179504 0.468593 -0.275525 0.050003 -0.496479 -0.161560 -0.714180 -0.369430
-1.120750 -1.020750 0.414625 -0.050022 0.184768 0.062497 0.326411 0.182496 0.474956 -0.275528 0.050003 -0.495299 -0.161125 -0.710893 -0.367578
-1.120750 -1.020750 0.514625 -0.050027 0.185383 0.063096 0.328723 0.184885 0.480021 -0.275531 0.050003 -0.494344 -0.160776 -0.708211 -0.366074
-1.120750 -1.020750 0.614625 -0.050030 0.185822 0.063522 0.330369 0.186584 0.483616 -0.275534 0.050003 -0.493659 -0.160525 -0.706271 -0.364991
-1.120750 -1.020750 0.714625 -0.050033 0.186068 0.063761 0.331288 0.187532 0.485620 -0.275535 0.050003 -0.493273 -0.160385 -0.705177 -0.364382
-1.020750 -0.920750 -0.785375 -0.050005 0.201664 0.075798 0.339403 0.191558 0.467403 -0.266902 0.050022 -0.489036 -0.152407 -0.716251 -0.361350
-1.020750 -0.920750 -0.685375 -0.050005 0.201663 0.075896 0.339682 0.191960 0.468169 -0.266835 0.050022 -0.488807 -0.152343 -0.715777 -0.361099
-1.020750 -0.920750 -0.585375 -0.050005 0.201661 0.076188 0.340509 0.193150 0.470430 -0.266636 0.050020 -0.488127 -0.152152 -0.714366 -0.360355
-1.020750 -0.920750 -0.485375 -0.050005 0.201657 0.076660 0.341848 0.195074 0.474086 -0.266314 0.050017 -0.487017 -0.151842 -0.712048 -0.359139
-1.020750 -0.920750 -0.385375 -0.050005 0.201652 0.077293 0.343643 0.197650 0.478973 -0.265881 0.050014 -0.485511 -0.151422 -0.708877 -0.357489
-1.020750 -0.920750 -0.285375 -0.050005 0.201647 0.078061 0.345819 0.200767 0.484876 -0.265354 0.050011 -0.483657 -0.150910 -0.704935 -0.355458
-1.020750 -0.920750 -0.185375 -0.050004 0.201643 0.078933 0.348285 0.204293 0.491536 -0.264755 0.050007 -0.481519 -0.150323 -0.700337 -0.353114
-1.020750 -0.920750 -0.085375 -0.050004 0.201639 0.079872 0.350940 0.208080 0.498669 -0.264107 0.050005 -0.479172 -0.149685 -0.695230 -0.350542
-1.020750 -0.920750 0.014625 -0.050005 0.201779 0.080841 0.353817 0.211972 0.506121 -0.263535 0.050003 -0.476804 -0.149018 -0.689897 -0.347836
-1.020750 -0.920750 0.114625 -0.050008 0.202741 0.081795 0.357480 0.215804 0.514262 -0.263537 0.050003 -0.474995 -0.148349 -0.685045 -0.345101
-1.020750 -0.920750 0.214625 -0.050012 0.203660 0.082701 0.360950 0.219431 0.521930 -0.263540 0.050003 -0.473251 -0.147708 -0.680316 -0.342454
-1.020750 -0.920750 0.314625 -0.050016 0.204497 0.083523 0.364093 0.222714 0.528839 -0.263543 0.050003 -0.471645 -0.147120 -0.675918 -0.340008
-1.020750 -0.920750 0.414625 -0.050021 0.205221 0.084229 0.366792 0.225529 0.534740 -0.263547 0.050003 -0.470247 -0.146611 -0.672055 -0.337871
-1.020750 -0.920750 0.514625 -0.050025 0.205802 0.084793 0.368945 0.227775 0.539429 -0.263550 0.050003 -0.469117 -0.146201 -0.668912 -0.336139
-1.020750 -0.920750 0.614625 -0.050029 0.206216 0.085195 0.370477 0.229370 0.542752 -0.263553 0.050003 -0.468307 -0.145907 -0.666645 -0.334894
-1.020750 -0.920750 0.714625 -0.050031 0.206449 0.085419 0.371332 0.230261 0.544603 -0.263555 0.050003 -0.467852 -0.145742 -0.665368 -0.334194
-0.920750 -0.820750 -0.785375 -0.050004 0.220808 0.096776 0.378762 0.234112 0.527639 -0.253245 0.050025 -0.462684 -0.136735 -0.678208 -0.330917
-0.920750 -0.820750 -0.685375 -0.050004 0.220807 0.096868 0.379021 0.234490 0.528351 -0.253169 0.050024 -0.462417 -0.136662 -0.677646 -0.330629
-0.920750 -0.820750 -0.585375 -0.050004 0.220804 0.097139 0.379786 0.235607 0.530454 -0.252942 0.050022 -0.461624 -0.136445 -0.675974 -0.329776
-0.920750 -0.820750 -0.485375 -0.050004 0.220801 0.097579 0.381025 0.237413 0.533852 -0.252576 0.050019 -0.460331 -0.136091 -0.673235 -0.328384
-0.920750 -0.820750 -0.385375 -0.050004 0.220796 0.098170 0.382684 0.239829 0.538387 -0.252083 0.050016 -0.458580 -0.135613 -0.669500 -0.326498
-0.920750 -0.820750 -0.285375 -0.050004 0.220792 0.098885 0.384693 0.242750 0.543856 -0.251484 0.050012 -0.456430 -0.135030 -0.664879 -0.324181
-0.920750 -0.820750 -0.185375 -0.050004 0.220787 0.099697 0.386968 0.246048 0.550016 -0.250802 0.050008 -0.453956 -0.134362 -0.659513 -0.321513
-0.920750 -0.820750 -0.085375 -0.050004 0.220784 0.100571 0.389415 0.249586 0.556599 -0.250065 0.050005 -0.451248 -0.133635 -0.653585 -0.318592
-0.920750 -0.820750 0.014625 -0.050004 0.220914 0.101472 0.392065 0.253216 0.563460 -0.249414 0.050004 -0.448521 -0.132877 -0.647425 -0.315528
-0.920750 -0.820750 0.114625 -0.050007 0.221809 0.102360 0.395442 0.256785 0.570944 -0.249417 0.050004 -0.446437 -0.132116 -0.641837 -0.312438
-0.920750 -0.820750 0.214625 -0.050011 0.222663 0.103202 0.398635 0.260157 0.577975 -0.249420 0.050004 -0.444431 -0.131387 -0.636412 -0.309454
-0.920750 -0.820750 0.314625 -0.050015 0.223443 0.103965 0.401523 0.263204 0.584291 -0.249424 0.050004 -0.442587 -0.130719 -0.631385 -0.306703
-0.920750 -0.820750 0.414625 -0.050020 0.224116 0.104622 0.403999 0.265814 0.589672 -0.249428 0.050004 -0.440985 -0.130140 -0.626982 -0.304304
-0.920750 -0.820750 0.514625 -0.050024 0.224656 0.105146 0.405973 0.267893 0.593939 -0.249431 0.050004 -0.439691 -0.129674 -0.623410 -0.302364
-0.920750 -0.820750 0.614625 -0.050027 0.225042 0.105519 0.407375 0.269369 0.596958 -0.249434 0.050004 -0.438764 -0.129340 -0.620838 -0.300970
-0.920750 -0.820750 0.714625 -0.050029 0.225258 0.105727 0.408157 0.270193 0.598637 -0.249436 0.050004 -0.438244 -0.129153 -0.619391 -0.300188
-0.820750 -0.720750 -0.785375 -0.050004 0.238240 0.116297 0.414825 0.273847 0.583082 -0.237548 0.050028 -0.432202 -0.119199 -0.633882 -0.296681
-0.820750 -0.720750 -0.685375 -0.050004 0.238239 0.116381 0.415060 0.274197 0.583734 -0.237463 0.050027 -0.431899 -0.119118 -0.633237 -0.296359
-0.820750 -0.720750 -0.585375 -0.050004 0.238237 0.116630 0.415756 0.275230 0.585659 -0.237212 0.050025 -0.431001 -0.118876 -0.631320 -0.295406
-0.820750 -0.720750 -0.485375 -0.050004 0.238233 0.117033 0.416882 0.276899 0.588764 -0.236805 0.050021 -0.429537 -0.118483 -0.628186 -0.293852
-0.820750 -0.720750 -0.385375 -0.050004 0.238229 0.117574 0.418388 0.279129 0.592903 -0.236258 0.050017 -0.427558 -0.117952 -0.623925 -0.291749
-0.820750 -0.720750 -0.285375 -0.050004 0.238225 0.118229 0.420212 0.281822 0.597885 -0.235593 0.050013 -0.425132 -0.117303 -0.618668 -0.289170
-0.820750 -0.720750 -0.185375 -0.050004 0.238221 0.118971 0.422274 0.284858 0.603483 -0.234836 0.050009 -0.422347 -0.116561 -0.612588 -0.286207
-0.820750 -0.720750 -0.085375 -0.050004 0.238218 0.119771 0.424488 0.288110 0.609451 -0.234018 0.050006 -0.419304 -0.115754 -0.605897 -0.282968
-0.820750 -0.720750 0.014625 -0.050004 0.238336 0.120595 0.426885 0.291439 0.615655 -0.233296 0.050004 -0.416247 -0.114913 -0.598969 -0.279577
-0.820750 -0.720750 0.114625 -0.050007 0.239155 0.121406 0.429942 0.294707 0.622409 -0.233299 0.050004 -0.413907 -0.114068 -0.592700 -0.276164
-0.820750 -0.720750 0.214625 -0.050010 0.239936 0.122175 0.432828 0.297789 0.628732 -0.233302 0.050004 -0.411659 -0.113260 -0.586632 -0.272876
-0.820750 -0.720750 0.314625 -0.050014 0.240648 0.122873 0.435432 0.300570 0.634393 -0.233306 0.050004 -0.409596 -0.112519 -0.581025 -0.269849
-0.820750 -0.720750 0.414625 -0.050018 0.241264 0.123472 0.437661 0.302947 0.639202 -0.233311 0.050004 -0.407804 -0.111877 -0.576127 -0.267215
-0.820750 -0.720750 0.514625 -0.050022 0.241758 0.123950 0.439435 0.304839 0.643005 -0.233315 0.050004 -0.406360 -0.111361 -0.572160 -0.265086
-0.820750 -0.720750 0.614625 -0.050025 0.242110 0.124290 0.440694 0.306181 0.645690 -0.233318 0.050004 -0.405325 -0.110991 -0.569308 -0.263559
-0.820750 -0.720750 0.714625 -0.050026 0.242308 0.124480 0.441396 0.306929 0.647182 -0.233320 0.050004 -0.404745 -0.110784 -0.567705 -0.262702
-0.720750 -0.620750 -0.785375 -0.050004 0.253786 0.134168 0.447230 0.310367 0.633180 -0.219968 0.050030 -0.397893 -0.099974 -0.583714 -0.258984
-0.720750 -0.620750 -0.685375 -0.050004 0.253785 0.134243 0.447440 0.310685 0.633765 -0.219876 0.050029 -0.397557 -0.099885 -0.582993 -0.258632
-0.720750 -0.620750 -0.585375 -0.050004 0.253783 0.134466 0.448059 0.311622 0.635491 -0.219603 0.050027 -0.396562 -0.099622 -0.580850 -0.257589
-0.720750 -0.620750 -0.485375 -0.050004 0.253780 0.134828 0.449061 0.313136 0.638273 -0.219160 0.050023 -0.394943 -0.099193 -0.577352 -0.255889
-0.720750 -0.620750 -0.385375 -0.050004 0.253776 0.135312 0.450401 0.315157 0.641976 -0.218565 0.050019 -0.392755 -0.098615 -0.572605 -0.253591
-0.720750 -0.620750 -0.285375 -0.050004 0.253773 0.135899 0.452020 0.317593 0.646421 -0.217841 0.050014 -0.390078 -0.097908 -0.566765 -0.250777
-0.720750 -0.620750 -0.185375 -0.050004 0.253769 0.136564 0.453849 0.320335 0.651403 -0.217018 0.050010 -0.387008 -0.097100 -0.560030 -0.247548
-0.720750 -0.620750 -0.085375 -0.050003 0.253766 0.137280 0.455811 0.323266 0.656698 -0.216128 0.050007 -0.383662 -0.096221 -0.552641 -0.244024
-0.720750 -0.620750 0.014625 -0.050004 0.253872 0.138018 0.457931 0.326261 0.662184 -0.215342 0.050004 -0.380305 -0.095305 -0.545015 -0.240342
-0.720750 -0.620750 0.114625 -0.050006 0.254605 0.138744 0.460638 0.329193 0.668142 -0.215345 0.050004 -0.377732 -0.094387 -0.538125 -0.236643
-0.720750 -0.620750 0.214625 -0.050009 0.255304 0.139432 0.463186 0.331953 0.673695 -0.215349 0.050004 -0.375263 -0.093508 -0.531473 -0.233085
-0.720750 -0.620750 0.314625 -0.050013 0.255942 0.140055 0.465481 0.334438 0.678646 -0.215353 0.050004 -0.373000 -0.092703 -0.525341 -0.229815
-0.720750 -0.620750 0.414625 -0.050016 0.256492 0.140590 0.467441 0.336559 0.682836 -0.215358 0.050004 -0.371037 -0.092006 -0.519995 -0.226972
-0.720750 -0.620750 0.514625 -0.050020 0.256934 0.141018 0.468998 0.338244 0.686138 -0.215362 0.050004 -0.369455 -0.091445 -0.515673 -0.224679
-0.720750 -0.620750 0.614625 -0.050022 0.257250 0.141322 0.470102 0.339437 0.688464 -0.215366 0.050004 -0.368323 -0.091044 -0.512570 -0.223035
-0.720750 -0.620750 0.714625 -0.050024 0.257427 0.141492 0.470716 0.340102 0.689753 -0.215368 0.050004 -0.367689 -0.090819 -0.510827 -0.222112
-0.620750 -0.520750 -0.785375 -0.050003 0.267292 0.150208 0.475654 0.343307 0.677431 -0.200681 0.050032 -0.360099 -0.079252 -0.528207 -0.218204
-0.620750 -0.520750 -0.685375 -0.050003 0.267291 0.150274 0.475836 0.343589 0.677944 -0.200582 0.050031 -0.359734 -0.079157 -0.527416 -0.217825
-0.620750 -0.520750 -0.585375 -0.050003 0.267290 0.150468 0.476373 0.344421 0.679455 -0.200290 0.050028 -0.358653 -0.078874 -0.525068 -0.216702
-0.620750 -0.520750 -0.485375 -0.050003 0.267287 0.150784 0.477241 0.345763 0.681886 -0.199816 0.050024 -0.356893 -0.078415 -0.521240 -0.214873
-0.620750 -0.520750 -0.385375 -0.050003 0.267283 0.151206 0.478401 0.347553 0.685115 -0.199180 0.050020 -0.354519 -0.077795 -0.516054 -0.212404
-0.620750 -0.520750 -0.285375 -0.050003 0.267280 0.151719 0.479801 0.349705 0.688981 -0.198405 0.050015 -0.351616 -0.077038 -0.509688 -0.209383
-0.620750 -0.520750 -0.185375 -0.050003 0.267277 0.152299 0.481379 0.352124 0.693298 -0.197525 0.050011 -0.348294 -0.076172 -0.502364 -0.205922
-0.620750 -0.520750 -0.085375 -0.050003 0.267274 0.152923 0.483068 0.354703 0.697868 -0.196572 0.050007 -0.344677 -0.075231 -0.494350 -0.202151
-0.620750 -0.520750 0.014625 -0.050003 0.267367 0.153566 0.484892 0.357331 0.702584 -0.195731 0.050005 -0.341053 -0.074251 -0.486100 -0.198216
-0.620750 -0.520750 0.114625 -0.050005 0.268005 0.154199 0.487221 0.359898 0.707686 -0.195735 0.050005 -0.338272 -0.073269 -0.478657 -0.194269
-0.620750 -0.520750 0.214625 -0.050008 0.268614 0.154798 0.489407 0.362307 0.712415 -0.195739 0.050005 -0.335607 -0.072329 -0.471486 -0.190479
-0.620750 -0.520750 0.314625 -0.050011 0.269170 0.155341 0.491370 0.364470 0.716608 -0.195743 0.050005 -0.333166 -0.071469 -0.464890 -0.187000
-0.620750 -0.520750 0.414625 -0.050014 0.269650 0.155807 0.493041 0.366312 0.720137 -0.195748 0.050005 -0.331050 -0.070724 -0.459149 -0.183979
-0.620750 -0.520750 0.514625 -0.050017 0.270036 0.156179 0.494366 0.367773 0.722907 -0.195753 0.050005 -0.329348 -0.070125 -0.454515 -0.181545
-0.620750 -0.520750 0.614625 -0.050020 0.270311 0.156444 0.495304 0.368806 0.724851 -0.195756 0.050005 -0.328129 -0.069696 -0.451191 -0.179801
-0.620750 -0.520750 0.714625 -0.050021 0.270465 0.156591 0.495825 0.369380 0.725926 -0.195759 0.050005 -0.327447 -0.069456 -0.449326 -0.178823
-0.520750 -0.420750 -0.785375 -0.050003 0.278623 0.164257 0.499814 0.372336 0.715394 -0.179880 0.050033 -0.319200 -0.057241 -0.467914 -0.174747
-0.520750 -0.420750 -0.685375 -0.050003 0.278622 0.164312 0.499966 0.372579 0.715829 -0.179776 0.050033 -0.318809 -0.057140 -0.467061 -0.174345
-0.520750 -0.420750 -0.585375 -0.050003 0.278620 0.164476 0.500416 0.373297 0.717110 -0.179468 0.050030 -0.317652 -0.056841 -0.464532 -0.173153
-0.520750 -0.420750 -0.485375 -0.050003 0.278618 0.164742 0.501141 0.374453 0.719168 -0.178969 0.050026 -0.315770 -0.056355 -0.460411 -0.171215
-0.520750 -0.420750 -0.385375 -0.050003 0.278615 0.165098 0.502110 0.375991 0.721891 -0.178297 0.050021 -0.313232 -0.055700 -0.454837 -0.168599
-0.520750 -0.420750 -0.285375 -0.050003 0.278612 0.165529 0.503276 0.377838 0.725140 -0.177480 0.050016 -0.310133 -0.054900 -0.448007 -0.165403
-0.520750 -0.420750 -0.185375 -0.050003 0.278609 0.166018 0.504589 0.379907 0.728750 -0.176552 0.050011 -0.306590 -0.053986 -0.440166 -0.161745
-0.520750 -0.420750 -0.085375 -0.050003 0.278607 0.166544 0.505990 0.382106 0.732550 -0.175547 0.050007 -0.302739 -0.052993 -0.431607 -0.157765
-0.520750 -0.420750 0.014625 -0.050003 0.278685 0.167085 0.507499 0.384340 0.736450 -0.174660 0.050005 -0.298884 -0.051960 -0.422815 -0.153618
-0.520750 -0.420750 0.114625 -0.050005 0.279222 0.167617 0.509428 0.386513 0.740647 -0.174664 0.050005 -0.295922 -0.050924 -0.414892 -0.149465
-0.520750 -0.420750 0.214625 -0.050007 0.279735 0.168121 0.511230 0.388546 0.744505 -0.174668 0.050005 -0.293087 -0.049934 -0.407273 -0.145481
-0.520750 -0.420750 0.314625 -0.050009 0.280202 0.168578 0.512841 0.390365 0.747900 -0.174673 0.050005 -0.290492 -0.049028 -0.400277 -0.141830
-0.520750 -0.420750 0.414625 -0.050012 0.280607 0.168970 0.514208 0.391910 0.750735 -0.174678 0.050005 -0.288245 -0.048243 -0.394199 -0.138664
-0.520750 -0.420750 0.514625 -0.050015 0.280931 0.169282 0.515288 0.393131 0.752946 -0.174683 0.050005 -0.286438 -0.047613 -0.389298 -0.136114
-0.520750 -0.420750 0.614625 -0.050017 0.281162 0.169505 0.516050 0.393993 0.754488 -0.174687 0.050005 -0.285145 -0.047162 -0.385787 -0.134289
-0.520750 -0.420750 0.714625 -0.050018 0.281292 0.169629 0.516473 0.394472 0.755339 -0.174689 0.050005 -0.284421 -0.046909 -0.383817 -0.133265
-0.420750 -0.320750 -0.785375 -0.050002 0.287665 0.176173 0.519469 0.397162 0.746692 -0.157775 0.050035 -0.275604 -0.034159 -0.403440 -0.129047
-0.420750 -0.320750 -0.685375 -0.050002 0.287664 0.176218 0.519590 0.397364 0.747045 -0.157667 0.050034 -0.275191 -0.034054 -0.402533 -0.128626
-0.420750 -0.320750 -0.585375 -0.050002 0.287663 0.176349 0.519948 0.397959 0.748084 -0.157346 0.050031 -0.273969 -0.033742 -0.399847 -0.127378
-0.420750 -0.320750 -0.485375 -0.050002 0.287661 0.176562 0.520524 0.398916 0.749747 -0.156825 0.050027 -0.271983 -0.033235 -0.395473 -0.125350
-0.420750 -0.320750 -0.385375 -0.050002 0.287658 0.176847 0.521292 0.400187 0.751939 -0.156126 0.050022 -0.269308 -0.032551 -0.389567 -0.122615
-0.420750 -0.320750 -0.285375 -0.050002 0.287656 0.177193 0.522214 0.401708 0.754538 -0.155276 0.050017 -0.266043 -0.031717 -0.382340 -0.119275
-0.420750 -0.320750 -0.185375 -0.050002 0.287654 0.177584 0.523248 0.403405 0.757406 -0.154309 0.050012 -0.262315 -0.030764 -0.374060 -0.115458
-0.420750 -0.320750 -0.085375 -0.050002 0.287652 0.178005 0.524347 0.405201 0.760400 -0.153263 0.050008 -0.258268 -0.029730 -0.365041 -0.111310
-0.420750 -0.320750 0.014625 -0.050002 0.287714 0.178438 0.525528 0.407016 0.763446 -0.152340 0.050005 -0.254220 -0.028653 -0.355794 -0.106994
-0.420750 -0.320750 0.114625 -0.050004 0.288144 0.178864 0.527036 0.408774 0.766697 -0.152344 0.050005 -0.251107 -0.027576 -0.347468 -0.102677
-0.420750 -0.320750 0.214625 -0.050006 0.288555 0.179267 0.528436 0.410409 0.769648 -0.152348 0.050005 -0.248129 -0.026545 -0.339477 -0.098542
-0.420750 -0.320750 0.314625 -0.050008 0.288929 0.179633 0.529680 0.411865 0.772211 -0.152353 0.050005 -0.245406 -0.025603 -0.332151 -0.094756
-0.420750 -0.320750 0.414625 -0.050010 0.289252 0.179946 0.530729 0.413096 0.774325 -0.152358 0.050005 -0.243050 -0.024788 -0.325795 -0.091477
-0.420750 -0.320750 0.514625 -0.050012 0.289512 0.180196 0.531553 0.414065 0.775955 -0.152363 0.050005 -0.241156 -0.024133 -0.320676 -0.088838
-0.420750 -0.320750 0.614625 -0.050014 0.289697 0.180374 0.532132 0.414747 0.777082 -0.152367 0.050005 -0.239802 -0.023665 -0.317012 -0.086951
-0.420750 -0.320750 0.714625 -0.050015 0.289801 0.180473 0.532453 0.415125 0.777700 -0.152370 0.050005 -0.239044 -0.023402 -0.314957 -0.085893
-0.320750 -0.220750 -0.785375 -0.050002 0.294330 0.185837 0.534425 0.417534 0.771014 -0.134587 0.050036 -0.229748 -0.010237 -0.335428 -0.081561
-0.320750 -0.220750 -0.685375 -0.050002 0.294329 0.185870 0.534514 0.417693 0.771282 -0.134475 0.050035 -0.229318 -0.010129 -0.334477 -0.081125
-0.320750 -0.220750 -0.585375 -0.050002 0.294328 0.185967 0.534776 0.418159 0.772068 -0.134145 0.050032 -0.228043 -0.009807 -0.331660 -0.079834
-0.320750 -0.220750 -0.485375 -0.050002 0.294326 0.186125 0.535198 0.418907 0.773320 -0.133610 0.050028 -0.225973 -0.009284 -0.327077 -0.077735
-0.320750 -0.220750 -0.385375 -0.050002 0.294324 0.186336 0.535757 0.419896 0.774959 -0.132890 0.050022 -0.223186 -0.008579 -0.320896 -0.074908
-0.320750 -0.220750 -0.285375 -0.050002 0.294322 0.186591 0.536425 0.421074 0.776884 -0.132015 0.050017 -0.219789 -0.007719 -0.313345 -0.071460
-0.320750 -0.220750 -0.185375 -0.050002 0.294320 0.186881 0.537171 0.422381 0.778983 -0.131020 0.050012 -0.215913 -0.006738 -0.304708 -0.067522
-0.320750 -0.220750 -0.085375 -0.050002 0.294319 0.187192 0.537957 0.423754 0.781142 -0.129944 0.050008 -0.211710 -0.005672 -0.295318 -0.063249
-0.320750 -0.220750 0.014625 -0.050002 0.294365 0.187512 0.538798 0.425132 0.783304 -0.128994 0.050005 -0.207510 -0.004565 -0.285707 -0.058807
-0.320750 -0.220750 0.114625 -0.050003 0.294683 0.187827 0.539872 0.426455 0.785577 -0.128998 0.050005 -0.204276 -0.003456 -0.277062 -0.054371
-0.320750 -0.220750 0.214625 -0.050004 0.294986 0.188125 0.540857 0.427675 0.787592 -0.129002 0.050005 -0.201185 -0.002397 -0.268778 -0.050126
-0.320750 -0.220750 0.314625 -0.050006 0.295263 0.188395 0.541721 0.428753 0.789299 -0.129007 0.050005 -0.198361 -0.001429 -0.261194 -0.046246
-0.320750 -0.220750 0.414625 -0.050008 0.295502 0.188626 0.542442 0.429657 0.790672 -0.129013 0.050005 -0.195919 -0.000592 -0.254623 -0.042887
-0.320750 -0.220750 0.514625 -0.050009 0.295694 0.188811 0.543002 0.430364 0.791706 -0.129018 0.050005 -0.193957 0.000081 -0.249338 -0.040187
-0.320750 -0.220750 0.614625 -0.050011 0.295831 0.188942 0.543393 0.430859 0.792407 -0.129022 0.050005 -0.192555 0.000562 -0.245557 -0.038257
-0.320750 -0.220750 0.714625 -0.050011 0.295908 0.189015 0.543608 0.431133 0.792786 -0.129024 0.050005 -0.191770 0.000831 -0.243439 -0.037175
-0.220750 -0.120750 -0.785375 -0.050001 0.298550 0.193149 0.544533 0.433247 0.788121 -0.110548 0.050036 -0.182091 0.014285 -0.264559 -0.032762
-0.220750 -0.120750 -0.685375 -0.050001 0.298550 0.193170 0.544589 0.433360 0.788301 -0.110435 0.050035 -0.181647 0.014396 -0.263573 -0.032315
-0.220750 -0.120750 -0.585375 -0.050001 0.298549 0.193232 0.544754 0.433692 0.788826 -0.110099 0.050032 -0.180333 0.014724 -0.260654 -0.030994
-0.220750 -0.120750 -0.485375 -0.050001 0.298548 0.193332 0.545016 0.434223 0.789655 -0.109554 0.050028 -0.178199 0.015258 -0.255908 -0.028847
-0.220750 -0.120750 -0.385375 -0.050001 0.298546 0.193467 0.545362 0.434920 0.790725 -0.108822 0.050023 -0.175329 0.015977 -0.249513 -0.025956
-0.220750 -0.120750 -0.285375 -0.050001 0.298545 0.193629 0.545771 0.435742 0.791957 -0.107931 0.050017 -0.171832 0.016854 -0.241712 -0.022433
-0.220750 -0.120750 -0.185375 -0.050001 0.298544 0.193814 0.546220 0.436644 0.793266 -0.106918 0.050012 -0.167848 0.017854 -0.232804 -0.018415
-0.220750 -0.120750 -0.085375 -0.050001 0.298543 0.194012 0.546687 0.437580 0.794570 -0.105823 0.050008 -0.163531 0.018939 -0.223136 -0.014060
-0.220750 -0.120750 0.014625 -0.050001 0.298572 0.194215 0.547180 0.438506 0.795828 -0.104856 0.050005 -0.159222 0.020067 -0.213259 -0.009538
-0.220750 -0.120750 0.114625 -0.050002 0.298774 0.194415 0.547809 0.439379 0.797101 -0.104860 0.050005 -0.155898 0.021195 -0.204379 -0.005028
-0.220750 -0.120750 0.214625 -0.050003 0.298967 0.194605 0.548369 0.440172 0.798161 -0.104865 0.050005 -0.152724 0.022272 -0.195884 -0.000718
-0.220750 -0.120750 0.314625 -0.050004 0.299143 0.194776 0.548845 0.440861 0.798995 -0.104870 0.050005 -0.149827 0.023256 -0.188118 0.003219
-0.220750 -0.120750 0.414625 -0.050005 0.299295 0.194923 0.549230 0.441428 0.799614 -0.104875 0.050005 -0.147323 0.024106 -0.181398 0.006623
-0.220750 -0.120750 0.514625 -0.050006 0.299417 0.195041 0.549522 0.441866 0.800042 -0.104880 0.050005 -0.145313 0.024789 -0.175998 0.009356
-0.220750 -0.120750 0.614625 -0.050007 0.299504 0.195124 0.549720 0.442169 0.800311 -0.104884 0.050005 -0.143877 0.025277 -0.172139 0.011310
-0.220750 -0.120750 0.714625 -0.050008 0.299553 0.195170 0.549828 0.442335 0.800448 -0.104887 0.050005 -0.143074 0.025550 -0.169978 0.012403
-0.120750 -0.020750 -0.785375 -0.050001 0.300286 0.198036 0.549696 0.444138 0.797844 -0.085902 0.050037 -0.133111 0.039164 -0.191543 0.016863
-0.120750 -0.020750 -0.685375 -0.050001 0.300286 0.198044 0.549719 0.444205 0.797935 -0.085788 0.050036 -0.132658 0.039276 -0.190532 0.017315
-0.120750 -0.020750 -0.585375 -0.050001 0.300286 0.198070 0.549783 0.444399 0.798194 -0.085449 0.050033 -0.131317 0.039608 -0.187538 0.018654
-0.120750 -0.020750 -0.485375 -0.050001 0.300285 0.198112 0.549885 0.444707 0.798593 -0.084901 0.050028 -0.129141 0.040147 -0.182676 0.020828
-0.120750 -0.020750 -0.385375 -0.050001 0.300284 0.198168 0.550013 0.445104 0.799083 -0.084163 0.050023 -0.126216 0.040872 -0.176132 0.023753
-0.120750 -0.020750 -0.285375 -0.050001 0.300283 0.198236 0.550158 0.445562 0.799610 -0.083266 0.050017 -0.122656 0.041757 -0.168159 0.027315
-0.120750 -0.020750 -0.185375 -0.050001 0.300282 0.198313 0.550308 0.446050 0.800117 -0.082246 0.050012 -0.118602 0.042766 -0.159069 0.031373
-0.120750 -0.020750 -0.085375 -0.050001 0.300281 0.198395 0.550451 0.446538 0.800553 -0.081143 0.050008 -0.114215 0.043860 -0.149220 0.035766
-0.120750 -0.020750 0.014625 -0.050001 0.300293 0.198480 0.550592 0.447001 0.800895 -0.080169 0.050005 -0.109838 0.044996 -0.139174 0.040322
-0.120750 -0.020750 0.114625 -0.050001 0.300377 0.198563 0.550769 0.447417 0.801157 -0.080173 0.050005 -0.106459 0.046132 -0.130148 0.046189
-0.120750 -0.020750 0.214625 -0.050002 0.300458 0.198642 0.550898 0.447773 0.801252 -0.080177 0.050005 -0.103234 0.049189 -0.121527 0.055933
-0.120750 -0.020750 0.314625 -0.050002 0.300531 0.198713 0.550982 0.448065 0.801207 -0.080182 0.050005 -0.100292 0.053141 -0.113657 0.064820
-0.120750 -0.020750 0.414625 -0.050003 0.300594 0.198774 0.551029 0.448291 0.801067 -0.080188 0.050005 -0.097752 0.056555 -0.106855 0.072493
-0.120750 -0.020750 0.514625 -0.050004 0.300645 0.198823 0.551049 0.448454 0.801127 -0.080193 0.050005 -0.095713 0.059295 -0.101400 0.078657
-0.120750 -0.020750 0.614625 -0.050004 0.300682 0.198857 0.551055 0.448562 0.801211 -0.080197 0.050231 -0.094258 0.061252 -0.097506 0.083060
-0.120750 -0.020750 0.714625 -0.050004 0.300702 0.198877 0.551054 0.448619 0.801248 -0.080200 0.050505 -0.093443 0.062346 -0.095326 0.085524
-0.020750 0.079250 -0.785375 -0.050003 0.300449 0.199676 0.550631 0.449761 0.800423 -0.060934 0.069852 -0.083316 0.072530 -0.117118 0.066826
-0.020750 0.079250 -0.685375 -0.050003 0.300445 0.199673 0.550619 0.449757 0.800447 -0.060819 0.069851 -0.082859 0.072871 -0.116092 0.067281
-0.020750 0.079250 -0.585375 -0.050003 0.300434 0.199663 0.550582 0.449742 0.800509 -0.060481 0.069848 -0.081505 0.073878 -0.113057 0.068625
-0.020750 0.079250 -0.485375 -0.050002 0.300416 0.199648 0.550520 0.449709 0.800586 -0.059931 0.069844 -0.079309 0.075512 -0.108130 0.071716
-0.020750 0.079250 -0.385375 -0.050002 0.300393 0.199628 0.550428 0.449650 0.800644 -0.059193 0.069838 -0.076358 0.077710 -0.101505 0.077597
-0.020750 0.079250 -0.285375 -0.050001 0.300364 0.199603 0.550435 0.449555 0.800645 -0.058296 0.069833 -0.072774 0.080386 -0.093445 0.084748
-0.020750 0.079250 -0.185375 -0.050001 0.300332 0.199575 0.550503 0.449417 0.800552 -0.057275 0.069828 -0.068698 0.083433 -0.084268 0.092885
-0.020750 0.079250 -0.085375 -0.050001 0.300298 0.199544 0.550538 0.449231 0.800704 -0.056172 0.069823 -0.064289 0.086729 -0.074352 0.101688
-0.020750 0.079250 0.014625 -0.050000 0.300268 0.199513 0.550538 0.448999 0.800815 -0.055198 0.069988 -0.059893 0.090311 -0.064254 0.110968
-0.020750 0.079250 0.114625 -0.050000 0.300269 0.199481 0.550541 0.448727 0.800816 -0.055201 0.071123 -0.056497 0.094844 -0.055203 0.121160
-0.020750 0.079250 0.214625 -0.050001 0.300269 0.199451 0.550525 0.448431 0.800702 -0.055206 0.072207 -0.053259 0.099167 -0.050887 0.130874
-0.020750 0.079250 0.314625 -0.050001 0.300270 0.199424 0.550495 0.448130 0.800500 -0.055211 0.073195 -0.051857 0.103109 -0.046953 0.139722
-0.020750 0.079250 0.414625 -0.050001 0.300271 0.199401 0.550456 0.447847 0.800252 -0.055217 0.074049 -0.051015 0.106513 -0.043559 0.147354
-0.020750 0.079250 0.514625 -0.050001 0.300271 0.199382 0.550418 0.447603 0.800002 -0.055222 0.074734 -0.050340 0.109243 -0.040838 0.153470
-0.020750 0.079250 0.614625 -0.050001 0.300272 0.199369 0.550386 0.447420 0.799797 -0.055226 0.075223 -0.049860 0.111192 -0.038896 0.157832
-0.020750 0.079250 0.714625 -0.050001 0.300272 0.199362 0.550366 0.447315 0.799673 -0.055228 0.075497 -0.049591 0.112283 -0.037810 0.160272
0.079250 0.179250 -0.785375 -0.050007 0.300353 0.196965 0.551060 0.445485 0.801596 -0.050005 0.094695 -0.035951 0.122393 -0.042185 0.138641
0.079250 0.179250 -0.685375 -0.050006 0.300337 0.196951 0.551032 0.445436 0.801580 -0.050005 0.094694 -0.035837 0.122731 -0.041157 0.139548
0.079250 0.179250 -0.585375 -0.050006 0.300290 0.196909 0.550946 0.445288 0.801522 -0.050005 0.094691 -0.035498 0.123730 -0.038113 0.142233
0.079250 0.179250 -0.485375 -0.050005 0.300214 0.196841 0.550799 0.445040 0.801396 -0.050005 0.094687 -0.034949 0.125352 -0.033175 0.146586
0.079250 0.179250 -0.385375 -0.050004 0.300112 0.196750 0.550586 0.444692 0.801166 -0.050005 0.094681 -0.034211 0.127532 -0.026540 0.152432
0.079250 0.179250 -0.285375 -0.050003 0.299989 0.196640 0.550303 0.444247 0.800791 -0.050005 0.094676 -0.033315 0.130181 -0.022805 0.159533
0.079250 0.179250 -0.185375 -0.050002 0.299849 0.196515 0.549951 0.443712 0.800239 -0.050005 0.094671 -0.032296 0.133195 -0.018729 0.167603
0.079250 0.179250 -0.085375 -0.050001 0.299699 0.196380 0.549534 0.443097 0.799490 -0.050005 0.094666 -0.031195 0.136452 -0.014327 0.176313
0.079250 0.179250 0.014625 -0.050001 0.299567 0.196241 0.549085 0.442423 0.798575 -0.050006 0.094831 -0.030057 0.139990 -0.009775 0.185479
0.079250 0.179250 0.114625 -0.050001 0.299568 0.196103 0.548743 0.441713 0.797660 -0.050009 0.095963 -0.028933 0.144472 -0.005264 0.195539
0.079250 0.179250 0.214625 -0.050001 0.299568 0.195971 0.548399 0.441000 0.796674 -0.050014 0.097043 -0.027863 0.148743 -0.000968 0.205111
0.079250 0.179250 0.314625 -0.050001 0.299570 0.195852 0.548070 0.440320 0.795680 -0.050019 0.098028 -0.026890 0.152633 0.002942 0.213814
0.079250 0.179250 0.414625 -0.050001 0.299571 0.195750 0.547775 0.439710 0.794748 -0.050024 0.098879 -0.026052 0.155990 0.006313 0.221311
0.079250 0.179250 0.514625 -0.050001 0.299572 0.195668 0.547531 0.439205 0.793951 -0.050030 0.099562 -0.025382 0.158680 0.009013 0.227311
0.079250 0.179250 0.614625 -0.050001 0.299573 0.195610 0.547352 0.438837 0.793356 -0.050034 0.100050 -0.024904 0.160599 0.010938 0.231587
0.079250 0.179250 0.714625 -0.050001 0.299574 0.195577 0.547251 0.438627 0.793013 -0.050036 0.100323 -0.024637 0.161672 0.012014 0.233977
0.179250 0.279250 -0.785375 -0.050010 0.297755 0.191789 0.547010 0.436261 0.797241 -0.050005 0.119090 -0.011101 0.171540 0.016449 0.212699
0.179250 0.279250 -0.685375 -0.050010 0.297727 0.191764 0.546934 0.436167 0.797120 -0.050005 0.119089 -0.010988 0.171871 0.016904 0.213592
0.179250 0.279250 -0.585375 -0.050009 0.297644 0.191690 0.546709 0.435888 0.796751 -0.050005 0.119086 -0.010653 0.172852 0.018247 0.216234
0.179250 0.279250 -0.485375 -0.050008 0.297510 0.191570 0.546336 0.435427 0.796121 -0.050005 0.119082 -0.010109 0.174442 0.020426 0.220516
0.179250 0.279250 -0.385375 -0.050006 0.297331 0.191410 0.545820 0.434795 0.795214 -0.050005 0.119077 -0.009380 0.176578 0.023350 0.226262
0.179250 0.279250 -0.285375 -0.050005 0.297114 0.191215 0.545171 0.434004 0.794019 -0.050005 0.119071 -0.008494 0.179173 0.026902 0.233233
0.179250 0.279250 -0.185375 -0.050003 0.296868 0.190994 0.544402 0.433076 0.792535 -0.050005 0.119066 -0.007487 0.182123 0.030935 0.241145
0.179250 0.279250 -0.085375 -0.050002 0.296603 0.190756 0.543536 0.432039 0.790784 -0.050005 0.119062 -0.006400 0.185309 0.035288 0.249671
0.179250 0.279250 0.014625 -0.050001 0.296371 0.190510 0.542642 0.430929 0.788852 -0.050006 0.119224 -0.005276 0.188767 0.039782 0.258633
0.179250 0.279250 0.114625 -0.050001 0.296372 0.190266 0.541959 0.429787 0.787031 -0.050009 0.120341 -0.004167 0.193154 0.044231 0.268461
0.179250 0.279250 0.214625 -0.050002 0.296373 0.190034 0.541291 0.428664 0.785183 -0.050014 0.121407 -0.003113 0.197330 0.048462 0.277794
0.179250 0.279250 0.314625 -0.050002 0.296375 0.189824 0.540668 0.427611 0.783405 -0.050019 0.122379 -0.002154 0.201130 0.052309 0.286266
0.179250 0.279250 0.414625 -0.050002 0.296377 0.189644 0.540119 0.426681 0.781799 -0.050024 0.123219 -0.001329 0.204404 0.055623 0.293553
0.179250 0.279250 0.514625 -0.050002 0.296378 0.189499 0.539671 0.425920 0.780463 -0.050029 0.123893 -0.000669 0.207027 0.058274 0.299377
0.179250 0.279250 0.614625 -0.050002 0.296380 0.189396 0.539347 0.425368 0.779484 -0.050033 0.124374 -0.000198 0.208897 0.060164 0.303524
0.179250 0.279250 0.714625 -0.050002 0.296381 0.189339 0.539165 0.425057 0.778926 -0.050036 0.124644 0.000065 0.209943 0.061220 0.305840
0.279250 0.379250 -0.785375 -0.050014 0.292677 0.184199 0.537986 0.422183 0.785411 -0.050005 0.142793 0.013365 0.219468 0.065587 0.285123
0.279250 0.379250 -0.685375 -0.050013 0.292637 0.184164 0.537864 0.422046 0.785185 -0.050005 0.142792 0.013476 0.219789 0.066034 0.285994
0.279250 0.379250 -0.585375 -0.050012 0.292520 0.184059 0.537502 0.421639 0.784509 -0.050005 0.142789 0.013804 0.220741 0.067354 0.288567
0.279250 0.379250 -0.485375 -0.050010 0.292329 0.183888 0.536907 0.420970 0.783381 -0.050005 0.142785 0.014335 0.222284 0.069494 0.292735
0.279250 0.379250 -0.385375 -0.050008 0.292075 0.183660 0.536094 0.420059 0.781808 -0.050005 0.142780 0.015049 0.224355 0.072363 0.298323
0.279250 0.379250 -0.285375 -0.050006 0.291766 0.183382 0.535084 0.418930 0.779804 -0.050005 0.142774 0.015916 0.226870 0.075845 0.305095
0.279250 0.379250 -0.185375 -0.050005 0.291417 0.183068 0.533907 0.417619 0.777405 -0.050005 0.142769 0.016900 0.229726 0.079796 0.312770
0.279250 0.379250 -0.085375 -0.050003 0.291041 0.182729 0.532602 0.416170 0.774669 -0.050005 0.142765 0.017963 0.232809 0.084054 0.321028
0.279250 0.379250 0.014625 -0.050002 0.290711 0.182379 0.531272 0.414634 0.771741 -0.050005 0.142924 0.019059 0.236154 0.088446 0.329696
0.279250 0.379250 0.114625 -0.050002 0.290712 0.182030 0.530256 0.413071 0.769031 -0.050009 0.144014 0.020142 0.240402 0.092788 0.339193
0.279250 0.379250 0.214625 -0.050002 0.290714 0.181700 0.529270 0.411548 0.766341 -0.050013 0.145055 0.021170 0.244441 0.096912 0.348195
0.279250 0.379250 0.314625 -0.050002 0.290716 0.181401 0.528359 0.410132 0.763798 -0.050018 0.146004 0.022105 0.248111 0.100657 0.356352
0.279250 0.379250 0.414625 -0.050002 0.290718 0.181143 0.527561 0.408889 0.761534 -0.050024 0.146824 0.022909 0.251272 0.103879 0.363356
0.279250 0.379250 0.514625 -0.050002 0.290721 0.180937 0.526915 0.407879 0.759672 -0.050028 0.147482 0.023552 0.253802 0.106456 0.368947
0.279250 0.379250 0.614625 -0.050002 0.290722 0.180791 0.526450 0.407150 0.758318 -0.050032 0.147952 0.024011 0.255604 0.108291 0.372923
0.279250 0.379250 0.714625 -0.050002 0.290723 0.180709 0.526189 0.406739 0.757552 -0.050035 0.148215 0.024267 0.256612 0.109316 0.375142
0.379250 0.479250 -0.785375 -0.050017 0.285168 0.174275 0.524074 0.403397 0.766215 -0.050005 0.165566 0.037204 0.265695 0.113582 0.355188
0.379250 0.479250 -0.685375 -0.050016 0.285117 0.174229 0.523907 0.403218 0.765888 -0.050005 0.165565 0.037311 0.266004 0.114016 0.356026
0.379250 0.479250 -0.585375 -0.050015 0.284966 0.174094 0.523412 0.402686 0.764912 -0.050005 0.165562 0.037628 0.266917 0.115299 0.358506
0.379250 0.479250 -0.485375 -0.050013 0.284722 0.173874 0.522602 0.401816 0.763299 -0.050005 0.165558 0.038143 0.268397 0.117378 0.362518
0.379250 0.479250 -0.385375 -0.050011 0.284395 0.173580 0.521501 0.400635 0.761075 -0.050005 0.165553 0.038833 0.270383 0.120164 0.367892
0.379250 0.479250 -0.285375 -0.050008 0.283999 0.173222 0.520142 0.399179 0.758284 -0.050005 0.165548 0.039671 0.272792 0.123541 0.374398
0.379250 0.479250 -0.185375 -0.050006 0.283550 0.172816 0.518570 0.397497 0.754995 -0.050005 0.165543 0.040623 0.275527 0.127368 0.381759
0.379250 0.479250 -0.085375 -0.050004 0.283067 0.172379 0.516840 0.395649 0.751304 -0.050005 0.165539 0.041649 0.278476 0.131488 0.389668
0.379250 0.479250 0.014625 -0.050002 0.282643 0.171928 0.515089 0.393702 0.747410 -0.050005 0.165692 0.042708 0.281675 0.135732 0.397956
0.379250 0.479250 0.114625 -0.050002 0.282644 0.171479 0.513749 0.391732 0.743840 -0.050009 0.166745 0.043752 0.285741 0.139922 0.407028
0.379250 0.479250 0.214625 -0.050002 0.282647 0.171053 0.512456 0.389823 0.740334 -0.050013 0.167749 0.044745 0.289603 0.143897 0.415609
0.379250 0.479250 0.314625 -0.050003 0.282649 0.170666 0.511266 0.388058 0.737052 -0.050018 0.168665 0.045645 0.293108 0.147503 0.423370
0.379250 0.479250 0.414625 -0.050003 0.282652 0.170334 0.510228 0.386514 0.734153 -0.050023 0.169457 0.046420 0.296123 0.150601 0.430021
0.379250 0.479250 0.514625 -0.050003 0.282655 0.170068 0.509390 0.385263 0.731784 -0.050028 0.170092 0.047040 0.298534 0.153077 0.435323
0.379250 0.479250 0.614625 -0.050003 0.282657 0.169879 0.508788 0.384363 0.730070 -0.050031 0.170546 0.047481 0.300251 0.154839 0.439089
0.379250 0.479250 0.714625 -0.050003 0.282658 0.169773 0.508450 0.383857 0.729102 -0.050034 0.170800 0.047727 0.301210 0.155822 0.441190
0.479250 0.579250 -0.785375 -0.050020 0.275301 0.162116 0.505411 0.380092 0.739843 -0.050005 0.187181 0.060179 0.309758 0.159957 0.422189
0.479250 0.579250 -0.685375 -0.050019 0.275240 0.162060 0.505201 0.379872 0.739418 -0.050005 0.187180 0.060282 0.310051 0.160374 0.422988
0.479250 0.579250 -0.585375 -0.050018 0.275057 0.161895 0.504578 0.379221 0.738152 -0.050005 0.187177 0.060585 0.310917 0.161607 0.425348
0.479250 0.579250 -0.485375 -0.050015 0.274762 0.161629 0.503562 0.378158 0.736070 -0.050005 0.187173 0.061077 0.312319 0.163603 0.429165
0.479250 0.579250 -0.385375 -0.050013 0.274367 0.161271 0.502184 0.376718 0.733220 -0.050005 0.187168 0.061736 0.314200 0.166276 0.434272
0.479250 0.579250 -0.285375 -0.050010 0.273887 0.160837 0.500491 0.374949 0.729672 -0.050005 0.187163 0.062537 0.316481 0.169513 0.440446
0.479250 0.579250 -0.185375 -0.050007 0.273345 0.160343 0.498541 0.372913 0.725528 -0.050005 0.187159 0.063445 0.319067 0.173177 0.447422
0.479250 0.579250 -0.085375 -0.050004 0.272760 0.159812 0.496405 0.370683 0.720919 -0.050005 0.187155 0.064424 0.321853 0.177117 0.454903
0.479250 0.579250 0.014625 -0.050003 0.272247 0.159263 0.494251 0.368344 0.716099 -0.050005 0.187300 0.065434 0.324874 0.181170 0.462729
0.479250 0.579250 0.114625 -0.050003 0.272249 0.158717 0.492602 0.365985 0.711706 -0.050008 0.188304 0.066429 0.328718 0.185165 0.471285
0.479250 0.579250 0.214625 -0.050003 0.272251 0.158198 0.491016 0.363708 0.707421 -0.050012 0.189262 0.067374 0.332363 0.188950 0.479361
0.479250 0.579250 0.314625 -0.050003 0.272255 0.157728 0.489558 0.361609 0.703433 -0.050017 0.190135 0.068232 0.335669 0.192379 0.486648
0.479250 0.579250 0.414625 -0.050003 0.272258 0.157323 0.488291 0.359778 0.699929 -0.050022 0.190890 0.068970 0.338508 0.195323 0.492882
0.479250 0.579250 0.514625 -0.050003 0.272261 0.157000 0.487269 0.358298 0.697077 -0.050026 0.191496 0.069559 0.340777 0.197672 0.497843
0.479250 0.579250 0.614625 -0.050003 0.272263 0.156770 0.486536 0.357236 0.695020 -0.050030 0.191928 0.069979 0.342391 0.199342 0.501362
0.479250 0.579250 0.714625 -0.050003 0.272265 0.156641 0.486125 0.356638 0.693861 -0.050032 0.192170 0.070213 0.343292 0.200275 0.503323
0.579250 0.679250 -0.785375 -0.050023 0.263175 0.147843 0.482179 0.352502 0.706552 -0.050004 0.207421 0.082063 0.351215 0.204252 0.485455
0.579250 0.679250 -0.685375 -0.050022 0.263103 0.147778 0.481929 0.352244 0.706034 -0.050004 0.207420 0.082159 0.351489 0.204648 0.486206
0.579250 0.679250 -0.585375 -0.050021 0.262892 0.147586 0.481186 0.351480 0.704492 -0.050004 0.207417 0.082445 0.352299 0.205817 0.488423
0.579250 0.679250 -0.485375 -0.050018 0.262549 0.147275 0.479974 0.350234 0.701964 -0.050004 0.207413 0.082909 0.353610 0.207709 0.492007
0.579250 0.679250 -0.385375 -0.050014 0.262090 0.146857 0.478336 0.348550 0.698517 -0.050004 0.207409 0.083530 0.355367 0.210241 0.496797
0.579250 0.679250 -0.285375 -0.050011 0.261533 0.146350 0.476327 0.346485 0.694250 -0.050004 0.207404 0.084284 0.357496 0.213304 0.502578
0.579250 0.679250 -0.185375 -0.050008 0.260902 0.145774 0.474020 0.344113 0.689294 -0.050004 0.207400 0.085139 0.359909 0.216768 0.509099
0.579250 0.679250 -0.085375 -0.050005 0.260223 0.145153 0.471500 0.341523 0.683817 -0.050004 0.207396 0.086060 0.362505 0.220486 0.516079
0.579250 0.679250 0.014625 -0.050003 0.259626 0.144511 0.468966 0.338813 0.678122 -0.050005 0.207533 0.087010 0.365319 0.224305 0.523365
0.579250 0.679250 0.114625 -0.050003 0.259629 0.143872 0.467025 0.336088 0.672951 -0.050008 0.208477 0.087946 0.368902 0.228064 0.531322
0.579250 0.679250 0.214625 -0.050003 0.259632 0.143266 0.465161 0.333464 0.667930 -0.050011 0.209378 0.088834 0.372295 0.231621 0.538812
0.579250 0.679250 0.314625 -0.050003 0.259635 0.142716 0.463452 0.331050 0.663277 -0.050016 0.210199 0.089640 0.375367 0.234838 0.545555
0.579250 0.679250 0.414625 -0.050003 0.259639 0.142242 0.461968 0.328950 0.659203 -0.050021 0.210909 0.090332 0.378003 0.237596 0.551309
0.579250 0.679250 0.514625 -0.050003 0.259642 0.141864 0.460773 0.327254 0.655897 -0.050025 0.211478 0.090885 0.380106 0.239796 0.555880
0.579250 0.679250 0.614625 -0.050003 0.259645 0.141594 0.459917 0.326038 0.653517 -0.050028 0.211885 0.091279 0.381601 0.241358 0.559117
0.579250 0.679250 0.714625 -0.050003 0.259647 0.141443 0.459437 0.325355 0.652178 -0.050030 0.212113 0.091499 0.382436 0.242230 0.560920
0.679250 0.779250 -0.785375 -0.050026 0.248908 0.131602 0.454611 0.320905 0.666674 -0.050004 0.226083 0.102636 0.389651 0.246026 0.544351
0.679250 0.779250 -0.685375 -0.050025 0.248828 0.131528 0.454322 0.320611 0.666067 -0.050004 0.226083 0.102726 0.389904 0.246396 0.545047
0.679250 0.779250 -0.585375 -0.050023 0.248589 0.131310 0.453467 0.319742 0.664265 -0.050004 0.226080 0.102991 0.390649 0.247490 0.547100
0.679250 0.779250 -0.485375 -0.050020 0.248203 0.130957 0.452073 0.318326 0.661318 -0.050004 0.226076 0.103421 0.391856 0.249258 0.550415
0.679250 0.779250 -0.385375 -0.050016 0.247685 0.130483 0.450192 0.316413 0.657312 -0.050004 0.226072 0.103997 0.393472 0.251622 0.554839
0.679250 0.779250 -0.285375 -0.050012 0.247058 0.129908 0.447889 0.314072 0.652370 -0.050004 0.226068 0.104696 0.395429 0.254479 0.560172
0.679250 0.779250 -0.185375 -0.050009 0.246346 0.129254 0.445250 0.311388 0.646655 -0.050004 0.226064 0.105489 0.397644 0.257705 0.566173
0.679250 0.779250 -0.085375 -0.050006 0.245580 0.128549 0.442373 0.308462 0.640366 -0.050004 0.226060 0.106342 0.400025 0.261163 0.572583
0.679250 0.779250 0.014625 -0.050004 0.244907 0.127820 0.439487 0.305407 0.633855 -0.050004 0.226187 0.107222 0.402604 0.264709 0.579259
0.679250 0.779250 0.114625 -0.050004 0.244909 0.127094 0.437273 0.302341 0.627959 -0.050007 0.227061 0.108088 0.405891 0.268193 0.586537
0.679250 0.779250 0.214625 -0.050004 0.244913 0.126405 0.435152 0.299394 0.622254 -0.050011 0.227895 0.108910 0.408998 0.271484 0.593368
0.679250 0.779250 0.314625 -0.050004 0.244916 0.125779 0.433208 0.296688 0.616983 -0.050015 0.228655 0.109655 0.411806 0.274456 0.599499
0.679250 0.779250 0.414625 -0.050004 0.244921 0.125241 0.431523 0.294337 0.612381 -0.050019 0.229312 0.110295 0.414212 0.277001 0.604718
0.679250 0.779250 0.514625 -0.050004 0.244924 0.124810 0.430167 0.292441 0.608655 -0.050023 0.229840 0.110806 0.416129 0.279028 0.608854
0.679250 0.779250 0.614625 -0.050004 0.244927 0.124503 0.429196 0.291082 0.605976 -0.050026 0.230216 0.111170 0.417491 0.280466 0.611778
0.679250 0.779250 0.714625 -0.050004 0.244929 0.124332 0.428652 0.290320 0.604471 -0.050028 0.230427 0.111373 0.418251 0.281268 0.613404
0.779250 0.879250 -0.785375 -0.050028 0.232645 0.113553 0.422980 0.285616 0.620603 -0.050004 0.242982 0.121695 0.424682 0.284862 0.598289
0.779250 0.879250 -0.685375 -0.050027 0.232556 0.113471 0.422656 0.285290 0.619915 -0.050004 0.242981 0.121777 0.424910 0.285202 0.598922
0.779250 0.879250 -0.585375 -0.050025 0.232293 0.113230 0.421697 0.284324 0.617873 -0.050004 0.242979 0.122018 0.425584 0.286209 0.600790
0.779250 0.879250 -0.485375 -0.050022 0.231868 0.112839 0.420137 0.282751 0.614537 -0.050004 0.242976 0.122410 0.426674 0.287834 0.603804
0.779250 0.879250 -0.385375 -0.050018 0.231298 0.112313 0.418033 0.280628 0.610014 -0.050004 0.242972 0.122934 0.428134 0.290006 0.607820
0.779250 0.879250 -0.285375 -0.050013 0.230606 0.111675 0.415461 0.278034 0.604450 -0.050004 0.242967 0.123570 0.429899 0.292626 0.612650
0.779250 0.879250 -0.185375 -0.050009 0.229822 0.110949 0.412518 0.275063 0.598035 -0.050004 0.242964 0.124291 0.431896 0.295580 0.618073
0.779250 0.879250 -0.085375 -0.050006 0.228978 0.110166 0.409315 0.271829 0.591001 -0.050004 0.242961 0.125067 0.434038 0.298741 0.623850
0.779250 0.879250 0.014625 -0.050004 0.228235 0.109356 0.406106 0.268458 0.583741 -0.050004 0.243076 0.125867 0.436357 0.301976 0.629851
0.779250 0.879250 0.114625 -0.050004 0.228238 0.108550 0.403644 0.265080 0.577180 -0.050007 0.243870 0.126654 0.439314 0.305150 0.636379
0.779250 0.879250 0.214625 -0.050004 0.228241 0.107785 0.401286 0.261838 0.570849 -0.050010 0.244628 0.127400 0.442104 0.308141 0.642483
0.779250 0.879250 0.314625 -0.050004 0.228246 0.107089 0.399128 0.258865 0.565015 -0.050014 0.245319 0.128077 0.444621 0.310838 0.647942
0.779250 0.879250 0.414625 -0.050004 0.228250 0.106490 0.397259 0.256284 0.559931 -0.050017 0.245917 0.128658 0.446773 0.313143 0.652575
0.779250 0.879250 0.514625 -0.050004 0.228254 0.106010 0.395755 0.254206 0.555822 -0.050021 0.246396 0.129122 0.448486 0.314976 0.656235
0.779250 0.879250 0.614625 -0.050004 0.228258 0.105669 0.394680 0.252717 0.552872 -0.050024 0.246738 0.129452 0.449701 0.316276 0.658818
0.779250 0.879250 0.714625 -0.050004 0.228260 0.105478 0.394078 0.251883 0.551216 -0.050026 0.246930 0.129636 0.450378 0.317000 0.660252
0.879250 0.979250 -0.785375 -0.050030 0.214546 0.093878 0.387601 0.246990 0.568801 -0.050004 0.257948 0.139049 0.455956 0.320372 0.646728
0.879250 0.979250 -0.685375 -0.050030 0.214450 0.093789 0.387246 0.246634 0.568039 -0.050003 0.257947 0.139121 0.456158 0.320680 0.647293
0.879250 0.979250 -0.585375 -0.050027 0.214166 0.093526 0.386194 0.245580 0.565777 -0.050003 0.257945 0.139336 0.456754 0.321588 0.648958
0.879250 0.979250 -0.485375 -0.050023 0.213707 0.093100 0.384485 0.243866 0.562089 -0.050003 0.257942 0.139685 0.457717 0.323053 0.651640
0.879250 0.979250 -0.385375 -0.050019 0.213090 0.092528 0.382180 0.241555 0.557096 -0.050003 0.257938 0.140152 0.459006 0.325008 0.655208
0.879250 0.979250 -0.285375 -0.050014 0.212343 0.091833 0.379366 0.238731 0.550967 -0.050003 0.257935 0.140717 0.460563 0.327364 0.659488
0.879250 0.979250 -0.185375 -0.050010 0.211495 0.091042 0.376151 0.235502 0.543920 -0.050003 0.257931 0.141359 0.462320 0.330015 0.664281
0.879250 0.979250 -0.085375 -0.050007 0.210582 0.090189 0.372656 0.231992 0.536213 -0.050003 0.257928 0.142049 0.464204 0.332846 0.669368
0.879250 0.979250 0.014625 -0.050004 0.209778 0.089305 0.369159 0.228337 0.528281 -0.050004 0.258031 0.142760 0.466240 0.335737 0.674635
0.879250 0.979250 0.114625 -0.050004 0.209781 0.088426 0.366473 0.224678 0.521122 -0.050006 0.258737 0.143459 0.468839 0.338565 0.680349
0.879250 0.979250 0.214625 -0.050004 0.209785 0.087590 0.363902 0.221171 0.514229 -0.050009 0.259410 0.144122 0.471284 0.341226 0.685666
0.879250 0.979250 0.314625 -0.050004 0.209789 0.086830 0.361552 0.217959 0.507890 -0.050012 0.260025 0.144722 0.473484 0.343619 0.690401
0.879250 0.979250 0.414625 -0.050004 0.209794 0.086175 0.359518 0.215173 0.502377 -0.050016 0.260555 0.145238 0.475361 0.345661 0.694402
0.879250 0.979250 0.514625 -0.050004 0.209798 0.085651 0.357883 0.212931 0.497926 -0.050019 0.260981 0.145650 0.476852 0.347282 0.697552
0.879250 0.979250 0.614625 -0.050004 0.209802 0.085278 0.356714 0.211327 0.494735 -0.050021 0.261285 0.145943 0.477908 0.348430 0.699768
0.879250 0.979250 0.714625 -0.050004 0.209804 0.085069 0.356059 0.210427 0.492944 -0.050023 0.261456 0.146106 0.478496 0.349069 0.700996
0.979250 1.079250 -0.785375 -0.050032 0.194793 0.072772 0.348829 0.205411 0.511785 -0.050003 0.270831 0.154523 0.483162 0.352202 0.689186
0.979250 1.079250 -0.685375 -0.050031 0.194691 0.072677 0.348447 0.205030 0.510956 -0.050003 0.270831 0.154586 0.483335 0.352473 0.689676
0.979250 1.079250 -0.585375 -0.050029 0.194389 0.072396 0.347314 0.203898 0.508500 -0.050003 0.270829 0.154772 0.483847 0.353273 0.691122
0.979250 1.079250 -0.485375 -0.050025 0.193901 0.071939 0.345473 0.202060 0.504497 -0.050003 0.270826 0.155073 0.484675 0.354562 0.693446
0.979250 1.079250 -0.385375 -0.050020 0.193246 0.071326 0.342992 0.199581 0.499087 -0.050003 0.270823 0.155477 0.485780 0.356280 0.696531
0.979250 1.079250 -0.285375 -0.050015 0.192451 0.070580 0.339967 0.196557 0.492458 -0.050003 0.270820 0.155966 0.487113 0.358346 0.700220
0.979250 1.079250 -0.185375 -0.050011 0.191549 0.069732 0.336513 0.193101 0.484852 -0.050003 0.270817 0.156520 0.488615 0.360665 0.704335
0.979250 1.079250 -0.085375 -0.050007 0.190576 0.068815 0.332763 0.189347 0.476552 -0.050003 0.270814 0.157117 0.490221 0.363135 0.708683
0.979250 1.079250 0.014625 -0.050005 0.189720 0.067867 0.329014 0.185443 0.468028 -0.050003 0.270902 0.157731 0.491955 0.365651 0.713165
0.979250 1.079250 0.114625 -0.050005 0.189723 0.066922 0.326131 0.181539 0.460345 -0.050005 0.271512 0.158334 0.494169 0.368106 0.718008
0.979250 1.079250 0.214625 -0.050005 0.189727 0.066023 0.323375 0.177800 0.452961 -0.050008 0.272094 0.158906 0.496245 0.370407 0.722487
0.979250 1.079250 0.314625 -0.050005 0.189732 0.065206 0.320856 0.174379 0.446182 -0.050011 0.272624 0.159425 0.498107 0.372472 0.726451
0.979250 1.079250 0.414625 -0.050005 0.189737 0.064501 0.318678 0.171415 0.440294 -0.050014 0.273083 0.159870 0.499691 0.374229 0.729781
0.979250 1.079250 0.514625 -0.050005 0.189741 0.063937 0.316927 0.169030 0.435548 -0.050017 0.273451 0.160225 0.500946 0.375621 0.732390
0.979250 1.079250 0.614625 -0.050005 0.189745 0.063535 0.315676 0.167324 0.432147 -0.050019 0.273713 0.160477 0.501833 0.376606 0.734218
0.979250 1.079250 0.714625 -0.050005 0.189747 0.063311 0.314976 0.166368 0.430240 -0.050020 0.273860 0.160618 0.502326 0.377153 0.735229
1.079250 1.179250 -0.785375 -0.050034 0.173584 0.050447 0.307053 0.161294 0.450126 -0.050003 0.281504 0.167963 0.506029 0.380032 0.725239
1.079250 1.179250 -0.685375 -0.050033 0.173477 0.050346 0.306647 0.160890 0.449240 -0.050003 0.281504 0.168015 0.506172 0.380264 0.725650
1.079250 1.179250 -0.585375 -0.050030 0.173161 0.050049 0.305445 0.159693 0.446614 -0.050003 0.281502 0.168170 0.506596 0.380946 0.726862
1.079250 1.179250 -0.485375 -0.050026 0.172649 0.049566 0.303492 0.157747 0.442339 -0.050003 0.281500 0.168421 0.507278 0.382046 0.728806
1.079250 1.179250 -0.385375 -0.050021 0.171962 0.048917 0.300862 0.155127 0.436568 -0.050003 0.281497 0.168757 0.508189 0.383507 0.731377
1.079250 1.179250 -0.285375 -0.050016 0.171128 0.048128 0.297657 0.151930 0.429508 -0.050003 0.281494 0.169163 0.509285 0.385261 0.734438
1.079250 1.179250 -0.185375 -0.050011 0.170182 0.047230 0.294000 0.148281 0.421421 -0.050003 0.281491 0.169624 0.510517 0.387224 0.737835
1.079250 1.179250 -0.085375 -0.050007 0.169161 0.046260 0.290035 0.144321 0.412614 -0.050002 0.281489 0.170120 0.511831 0.389307 0.741403
1.079250 1.179250 0.014625 -0.050005 0.168262 0.045255 0.286072 0.140204 0.403587 -0.050003 0.281563 0.170630 0.513246 0.391421 0.745057
1.079250 1.179250 0.114625 -0.050005 0.168265 0.044253 0.283023 0.136092 0.395457 -0.050004 0.282069 0.171132 0.515054 0.393475 0.748981
1.079250 1.179250 0.214625 -0.050005 0.168269 0.043300 0.280109 0.132158 0.387657 -0.050006 0.282553 0.171607 0.516740 0.395394 0.752579
1.079250 1.179250 0.314625 -0.050005 0.168274 0.042432 0.277448 0.128560 0.380506 -0.050009 0.282994 0.172037 0.518246 0.397109 0.755733
1.079250 1.179250 0.414625 -0.050005 0.168279 0.041684 0.275147 0.125445 0.374304 -0.050012 0.283374 0.172406 0.519521 0.398563 0.758361
1.079250 1.179250 0.514625 -0.050005 0.168284 0.041085 0.273299 0.122940 0.369309 -0.050014 0.283680 0.172701 0.520527 0.399712 0.760403
1.079250 1.179250 0.614625 -0.050005 0.168288 0.040658 0.271979 0.121149 0.365734 -0.050016 0.283898 0.172911 0.521236 0.400522 0.761826
1.079250 1.179250 0.714625 -0.050005 0.168290 0.040419 0.271240 0.120146 0.363730 -0.050017 0.284021 0.173027 0.521630 0.400972 0.762609
1.179250 1.279250 -0.785375 -0.050035 0.151132 0.027124 0.262692 0.115078 0.384444 -0.050002 0.289860 0.179233 0.524330 0.403582 0.754528
1.179250 1.279250 -0.685375 -0.050034 0.151022 0.027019 0.262267 0.114656 0.383510 -0.050002 0.289860 0.179274 0.524442 0.403771 0.754857
1.179250 1.279250 -0.585375 -0.050031 0.150695 0.026708 0.261008 0.113404 0.380742 -0.050002 0.289859 0.179396 0.524772 0.404329 0.755823
1.179250 1.279250 -0.485375 -0.050027 0.150165 0.026204 0.258964 0.111371 0.376239 -0.050002 0.289857 0.179593 0.525304 0.405227 0.757367
1.179250 1.279250 -0.385375 -0.050022 0.149454 0.025526 0.256212 0.108634 0.370166 -0.050002 0.289854 0.179857 0.526011 0.406416 0.759399
1.179250 1.279250 -0.285375 -0.050017 0.148590 0.024701 0.252861 0.105297 0.362748 -0.050002 0.289852 0.180176 0.526860 0.407838 0.761804
1.179250 1.279250 -0.185375 -0.050012 0.147609 0.023762 0.249040 0.101489 0.354264 -0.050002 0.289850 0.180538 0.527810 0.409423 0.764450
1.179250 1.279250 -0.085375 -0.050008 0.146551 0.022747 0.244900 0.097361 0.345041 -0.050002 0.289848 0.180928 0.528819 0.411098 0.767203
1.179250 1.279250 0.014625 -0.050005 0.145618 0.021694 0.240765 0.093073 0.335602 -0.050002 0.289906 0.181328 0.529902 0.412787 0.769993
1.179250 1.279250 0.114625 -0.050005 0.145621 0.020645 0.237581 0.088792 0.327109 -0.050004 0.290303 0.181722 0.531285 0.414419 0.772961
1.179250 1.279250 0.214625 -0.050005 0.145626 0.019646 0.234539 0.084699 0.318971 -0.050005 0.290683 0.182095 0.532565 0.415935 0.775642
1.179250 1.279250 0.314625 -0.050005 0.145631 0.018736 0.231762 0.080959 0.311522 -0.050007 0.291029 0.182433 0.533699 0.417282 0.777957
1.179250 1.279250 0.414625 -0.050005 0.145636 0.017951 0.229362 0.077723 0.305067 -0.050009 0.291328 0.182722 0.534653 0.418419 0.779856
1.179250 1.279250 0.514625 -0.050005 0.145641 0.017322 0.227435 0.075122 0.299875 -0.050011 0.291568 0.182954 0.535401 0.419312 0.781313
1.179250 1.279250 0.614625 -0.050005 0.145645 0.016874 0.226059 0.073264 0.296161 -0.050013 0.291740 0.183118 0.535925 0.419940 0.782317
1.179250 1.279250 0.714625 -0.050005 0.145648 0.016623 0.225289 0.072222 0.294079 -0.050014 0.291836 0.183210 0.536216 0.420288 0.782865
1.279250 1.379250 -0.785375 -0.050036 0.127664 0.003035 0.216193 0.067223 0.315400 -0.050002 0.295817 0.188219 0.537883 0.422613 0.776765
1.279250 1.379250 -0.685375 -0.050035 0.127551 0.002927 0.215753 0.066786 0.314427 -0.050002 0.295817 0.188249 0.537962 0.422758 0.777007
1.279250 1.379250 -0.585375 -0.050032 0.127217 0.002606 0.214450 0.065493 0.311545 -0.050002 0.295816 0.188336 0.538196 0.423186 0.777718
1.279250 1.379250 -0.485375 -0.050028 0.126674 0.002085 0.212336 0.063392 0.306861 -0.050002 0.295814 0.188477 0.538572 0.423871 0.778847
1.279250 1.379250 -0.385375 -0.050022 0.125946 0.001384 0.209491 0.060565 0.300549 -0.050002 0.295812 0.188666 0.539069 0.424776 0.780322
1.279250 1.379250 -0.285375 -0.050017 0.125062 0.000532 0.206028 0.057120 0.292849 -0.050002 0.295810 0.188894 0.539663 0.425851 0.782046
1.279250 1.379250 -0.185375 -0.050012 0.124058 -0.000439 0.202083 0.053192 0.284055 -0.050002 0.295809 0.189153 0.540322 0.427041 0.783915
1.279250 1.379250 -0.085375 -0.050008 0.122973 -0.001490 0.197811 0.048935 0.274509 -0.050002 0.295807 0.189432 0.541016 0.428288 0.785827
1.279250 1.379250 0.014625 -0.050005 0.122016 -0.002580 0.193546 0.044517 0.264754 -0.050002 0.295848 0.189718 0.541756 0.429535 0.787726
1.279250 1.379250 0.114625 -0.050005 0.122020 -0.003667 0.190258 0.040110 0.255984 -0.050003 0.296133 0.190000 0.542701 0.430728 0.789709
1.279250 1.379250 0.214625 -0.050005 0.122024 -0.004702 0.187119 0.035898 0.247591 -0.050004 0.296404 0.190266 0.543562 0.431825 0.791447
1.279250 1.379250 0.314625 -0.050005 0.122029 -0.005646 0.184255 0.032052 0.239918 -0.050005 0.296652 0.190508 0.544314 0.432790 0.792900
1.279250 1.379250 0.414625 -0.050005 0.122035 -0.006460 0.181781 0.028726 0.233276 -0.050007 0.296866 0.190715 0.544937 0.433596 0.794054
1.279250 1.379250 0.514625 -0.050005 0.122040 -0.007113 0.179795 0.026055 0.227939 -0.050009 0.297037 0.190880 0.545420 0.434225 0.794912
1.279250 1.379250 0.614625 -0.050005 0.122044 -0.007578 0.178376 0.024146 0.224123 -0.050010 0.297160 0.190997 0.545755 0.434665 0.795487
1.279250 1.379250 0.714625 -0.050005 0.122046 -0.007839 0.177582 0.023077 0.221986 -0.050010 0.297229 0.191063 0.545939 0.434907 0.795796
1.379250 1.479250 -0.785375 -0.050037 0.103415 -0.021580 0.168022 0.018204 0.243686 -0.050001 0.299315 0.194830 0.546556 0.436932 0.791729
1.379250 1.479250 -0.685375 -0.050035 0.103300 -0.021691 0.167572 0.017758 0.242685 -0.050001 0.299315 0.194847 0.546602 0.437031 0.791883
1.379250 1.479250 -0.585375 -0.050033 0.102962 -0.022019 0.166239 0.016435 0.239719 -0.050001 0.299314 0.194899 0.546737 0.437324 0.792331
1.379250 1.479250 -0.485375 -0.050028 0.102413 -0.022551 0.164077 0.014288 0.234901 -0.050001 0.299313 0.194982 0.546953 0.437790 0.793035
1.379250 1.479250 -0.385375 -0.050023 0.101676 -0.023267 0.161169 0.011398 0.228416 -0.050001 0.299312 0.195094 0.547235 0.438400 0.793937
1.379250 1.479250 -0.285375 -0.050017 0.100781 -0.024139 0.157630 0.007879 0.220512 -0.050001 0.299311 0.195229 0.547567 0.439116 0.794964
1.379250 1.479250 -0.185375 -0.050012 0.099763 -0.025133 0.153600 0.003869 0.211497 -0.050001 0.299309 0.195382 0.547930 0.439899 0.796039
1.379250 1.479250 -0.085375 -0.050008 0.098663 -0.026209 0.149239 -0.000474 0.201726 -0.050001 0.299308 0.195546 0.548303 0.440705 0.797091
1.379250 1.479250 0.014625 -0.050005 0.097693 -0.027325 0.144889 -0.004979 0.191755 -0.050001 0.299333 0.195715 0.548693 0.441496 0.798082
1.379250 1.479250 0.114625 -0.050005 0.097696 -0.028439 0.141531 -0.009470 0.182795 -0.050002 0.299501 0.195881 0.549190 0.442236 0.799061
1.379250 1.479250 0.214625 -0.050005 0.097701 -0.029502 0.138327 -0.013758 0.174232 -0.050003 0.299661 0.196039 0.549624 0.442903 0.799840
1.379250 1.479250 0.314625 -0.050005 0.097706 -0.030470 0.135404 -0.017673 0.166412 -0.050004 0.299807 0.196181 0.549986 0.443475 0.800417
1.379250 1.479250 0.414625 -0.050005 0.097712 -0.031306 0.132880 -0.021057 0.159651 -0.050005 0.299933 0.196303 0.550273 0.443944 0.800814
1.379250 1.479250 0.514625 -0.050005 0.097717 -0.031976 0.130854 -0.025438 0.154221 -0.050006 0.300035 0.196400 0.550485 0.444302 0.801065
1.379250 1.479250 0.614625 -0.050005 0.097721 -0.032455 0.129408 -0.029823 0.150343 -0.050006 0.300107 0.196469 0.550627 0.444548 0.801207
1.379250 1.479250 0.714625 -0.050005 0.097723 -0.032723 0.128599 -0.032278 0.148171 -0.050007 0.300147 0.196508 0.550703 0.444682 0.801273
1.479250 1.579250 -0.785375 -0.052155 0.078629 -0.046478 0.118666 -0.031491 0.170026 -0.050001 0.300321 0.198997 0.550263 0.446392 0.799276
1.479250 1.579250 -0.685375 -0.052154 0.078515 -0.046589 0.118210 -0.031943 0.169006 -0.050001 0.300321 0.199002 0.550275 0.446445 0.799339
1.479250 1.579250 -0.585375 -0.052151 0.078176 -0.046921 0.116861 -0.033282 0.165987 -0.050001 0.300321 0.199017 0.550311 0.446599 0.799521
1.479250 1.579250 -0.485375 -0.052147 0.077626 -0.047459 0.114672 -0.035455 0.161085 -0.050001 0.300320 0.199042 0.550365 0.446840 0.799793
1.479250 1.579250 -0.385375 -0.052142 0.076888 -0.048184 0.111730 -0.038378 0.154491 -0.050001 0.300319 0.199075 0.550430 0.447149 0.800113
1.479250 1.579250 -0.285375 -0.052136 0.075990 -0.049067 0.108151 -0.041935 0.146464 -0.050001 0.300318 0.199115 0.550497 0.447499 0.800433
1.479250 1.579250 -0.185375 -0.052131 0.074969 -0.050074 0.104078 -0.045988 0.137320 -0.050001 0.300318 0.199160 0.550559 0.447865 0.800704
1.479250 1.579250 -0.085375 -0.052127 0.073865 -0.051336 0.099673 -0.050375 0.127422 -0.050001 0.300317 0.199209 0.550607 0.448221 0.800886
1.479250 1.579250 0.014625 -0.052292 0.072891 -0.054917 0.095280 -0.057878 0.117335 -0.050001 0.300324 0.199258 0.550644 0.448548 0.800960
1.479250 1.579250 0.114625 -0.053427 0.072895 -0.059451 0.091887 -0.068079 0.108277 -0.050001 0.300374 0.199307 0.550689 0.448829 0.800925
1.479250 1.579250 0.214625 -0.054511 0.072899 -0.063776 0.088649 -0.077810 0.099630 -0.050001 0.300421 0.199353 0.550692 0.449057 0.800738
1.479250 1.579250 0.314625 -0.055499 0.072905 -0.067721 0.085698 -0.086694 0.091750 -0.050002 0.300464 0.199395 0.550662 0.449232 0.800798
1.479250 1.579250 0.414625 -0.056353 0.072910 -0.071127 0.083149 -0.094369 0.084945 -0.050002 0.300502 0.199431 0.550610 0.449357 0.800858
1.479250 1.579250 0.514625 -0.057038 0.072915 -0.073859 0.081105 -0.100526 0.079485 -0.050003 0.300532 0.199459 0.550552 0.449440 0.800857
1.479250 1.579250 0.614625 -0.057527 0.072919 -0.075812 0.079646 -0.104921 0.075587 -0.050003 0.300554 0.199480 0.550552 0.449490 0.800829
1.479250 1.579250 0.714625 -0.057801 0.072922 -0.076906 0.078831 -0.107381 0.073406 -0.050003 0.300566 0.199491 0.550589 0.449515 0.800804
